2 3.09944152832e-05
3 8.39233398438e-05
4 0.000149011611938
5 0.000288963317871
6 0.000438213348389
7 0.00070595741272
8 0.00102782249451
9 0.00146698951721
10 0.00204491615295
11 0.00268602371216
12 0.00447702407837
13 0.00539708137512
14 0.00671100616455
15 0.00717115402222
16 0.00796604156494
17 0.00953984260559
18 0.0113091468811
19 0.0136179924011
20 0.0189108848572
21 0.0183358192444
22 0.0208060741425
23 0.0240941047668
24 0.0300550460815
25 0.030002117157
26 0.0397729873657
27 0.0394208431244
28 0.0440969467163
29 0.0570089817047
30 0.0535800457001
31 0.0571119785309
32 0.0628499984741
33 0.0700178146362
34 0.0811121463776
35 0.0858569145203
36 0.0920238494873
37 0.0972571372986
38 0.112080097198
39 0.116735935211
40 0.125648021698
41 0.131843090057
42 0.144013881683
43 0.162796974182
44 0.169006109238
45 0.183955907822
46 0.18678689003
47 0.198577880859
48 0.225477933884
49 0.232303857803
50 0.253880977631
51 0.266477108002
52 0.28263092041
53 0.295094966888
54 0.317697048187
55 0.333743095398
56 0.340662956238
57 0.372641086578
58 0.378036975861
59 0.413347005844
60 0.424538135529
61 0.458348989487
62 0.459915161133
63 0.499652147293
64 0.513212919235
65 0.543860912323
66 0.565452098846
67 0.605418920517
68 0.619848966599
69 0.643247127533
70 0.693517208099
71 0.704840183258
72 0.736490011215
73 0.76345205307
74 0.815058946609
75 0.839159965515
76 0.861804962158
77 0.903781890869
78 0.939128875732
79 0.972712039948
80 1.0149731636
81 1.07882118225
82 1.08578515053
83 1.13228201866
84 1.17760586739
85 1.20996809006
86 1.25504207611
87 1.31450796127
88 1.34470701218
89 1.38250088692
90 1.42406916618
91 1.4827029705
92 1.48908019066
93 1.59049391747
94 1.62173914909
95 1.69166398048
96 1.7530040741
97 1.80683898926
98 1.86108398438
99 1.89818692207
100 1.95358204842
101 2.0228331089
102 2.0865778923
103 2.15964484215
104 2.19104385376
105 2.28161478043
106 2.35416817665
107 2.4184319973
108 2.44965481758
109 2.55528903008
110 2.62531208992
111 2.69523096085
112 2.72934317589
113 2.87510204315
114 2.87813210487
115 3.02078008652
116 3.0843770504
117 3.08885812759
118 3.19474482536
119 3.28143405914
120 3.44007086754
121 3.49788999557
122 3.55710816383
123 3.69271397591
124 3.76264619827
125 3.85508394241
126 3.95857691765
127 4.02722191811
128 4.14709806442
129 4.2647330761
130 4.34638786316
131 4.42391419411
132 4.52136182785
133 4.59339594841
134 4.66808080673
135 4.86916589737
136 4.92998504639
137 4.98652100563
138 5.17184281349
139 5.28442597389
140 5.38170409203
141 5.46452307701
142 5.62628316879
143 5.74465703964
144 5.8419649601
145 5.99803805351
146 6.26722812653
147 6.24266409874
148 6.32117199898
149 6.44304394722
150 6.66487002373
151 6.74846291542
152 6.93585109711
153 6.98897409439
154 7.18377399445
155 7.32443404198
156 7.40436697006
157 7.69638609886
158 7.69912099838
159 7.93159890175
160 7.93607807159
161 8.15689992905
162 8.36210203171
163 8.39489006996
164 8.56735897064
165 8.81285595894
166 8.91329407692
167 9.08519697189
168 9.21907615662
169 9.46161293983
170 9.69203805923
171 9.70559191704
172 10.0206530094
173 10.1139001846
174 10.2527849674
175 10.4898219109
176 10.6292099953
177 10.8292222023
178 10.9872148037
179 11.3344759941
180 11.4184968472
181 11.582679987
182 11.6800470352
183 12.001251936
184 12.2466030121
185 12.4632670879
186 12.4521250725
187 12.8117079735
188 13.1011779308
189 13.3051309586
190 13.4258580208
191 13.5075199604
192 13.9834060669
193 14.0596940517
194 14.4039261341
195 14.479932785
196 14.7324650288
197 15.0699460506
198 15.2820470333
199 15.5039439201
